SPECIMEN	CC.Line	Generate	DOB	Sex	Label	Colour	WeekOld	Sample.	Resolution	Length	vBMD	Mean2	BMC	MaterProp	Dia.Dia	Med.Dia	Cort.Th	Po.V	Po.diam	Polar	Areal	MaterProp.1	BVTV	Conn.D	SMI	Tb.N3D	Tb.NPl	Tb.Th3D	Sp3D	Mean1	BVTVP	Conn.DP	SMIP	Tb.N3DP	Tb.Th3DP	Sp3DP	Mean1P	BVTVD	Conn.DD	SMID	Tb.N3DD	Tb.Th3DD	Sp3DD
CC#72_M1_Femur	IL-72	37	16/12/2012	M	A	A	8.9	245	150	15.15	441.6212	  922.606	465.634	  922.606	1.528585234	1.087437919	0.2144	1E-04	    0.010	0.41797	0.29347	781.9083	0.1	119.6713	2.4384	3.4302	2.8162	0.0444	0.2937	77.9605	0.0289	3.7703	3.7646	2.5683	0.042	0.3948	35.961	0.1358	174.9281	2.2217	4.1629	0.0446	0.2346
CC#72_M2_Femur	IL-72	37	16/12/2012	M	A	A	8.9	246	150	13.88	454.9622	 1113.006	492.2987	 1113.006	1.550287854	1.144835063	0.1926	0	    0.000	0.40792	0.27557	788.8277	0.1054	99.5861	2.3172	3.111	2.641	0.0499	0.3249	74.6376	0.0254	5.432	3.9416	2.228	0.0474	0.4437	10.5919	0.1557	156.6223	2.056	4.1888	0.0502	0.2332
CC#72_M3_Femur	IL-72	37	16/12/2012	M	A	A	8.9	247	150	14.83	511.6508	 1000.579	492.8423	 1000.579	1.432686103	0.992928787	0.2094	0.0068	0.0457	0.33691	0.23974	809.8471	0.0845	84.8398	2.4897	2.2561	2.255	0.0488	0.4534	100.3298	0.0177	2.4192	2.9442	1.2577	0.0468	0.8006	54.9521	0.1191	125.7256	2.4601	3.7524	0.0488	0.2611
CC#72_F1_Femur	IL-72	37	16/12/2012	F	A	A	8.9	248	150	15.25	416.1476	  947.714	465.36	  947.714	1.540483472	1.138958901	0.1932	1E-04	    0.000	0.39623	0.26672	810.4862	0.0614	49.5742	2.8724	2.956	1.8208	0.0438	0.3364	54.5869	0.0198	1.3124	4.0191	2.355	0.0427	0.4221	30.2089	0.0849	77.2159	2.6611	3.439	0.0438	0.2872
CC#72_F2_Femur	IL-72	37	16/12/2012	F	A	A	8.9	249	150	14.41	456.8688	  949.449	471.9338	  949.449	1.431001011	1.021603864	0.1933	0.0033	0.0296	0.30935	0.22723	801.1733	0.0628	61.02	2.6942	2.0776	1.7379	0.0459	0.4939	16.8786	0.0095	4.8717	3.4192	1.2529	0.0356	0.8046	-90.4027	0.0928	89.4083	2.6084	3.2375	0.0464	0.3113
CC#72_F3_Femur	IL-72	37	16/12/2012	F	A	A	8.9	250	150	14.68	437.1874	  974.193	463.1688	  974.193	1.475443677	1.081997364	0.1912	0.0004	0.0137	0.34467	0.24764	807.2906	0.0715	82.1996	2.6452	2.8848	2.1622	0.0427	0.3405	55.226	0.0125	1.3874	3.4896	1.9038	0.034	0.5051	12.4961	0.1052	126.8721	2.5308	3.9199	0.0433	0.252
CC#3438_M1_FEMUR	IL-3438	18	21/12/2012	M	A	A	10.3	268	150	14.68	419.0693	  904.345	482.4238	  904.345	1.435216686	1.033597781	0.1943	0.0002	    0.010	0.32051	0.2312	746.3	0.069	73.6112	2.5946	3.3158	2.1601	0.0393	0.3035	45.2739	0.0126	1.5815	3.6526	2.6412	0.0257	0.3777	11.0352	0.0994	113.2407	2.2739	3.917	0.0403	0.2538
CC#3438_M2_FEMUR	IL-3438	18	21/12/2012	M	A	A	10.3	269	150	14.68	474.3077	  920.141	482.4238	  920.141	1.46904394	1.01910194	0.2207	0.0024	0.0342	0.37705	0.27427	763.5563	0.1258	158.7642	2.1388	4.4912	3.7006	0.0424	0.2217	88.9169	0.0527	48.116	3.1949	3.7384	0.035	0.2663	39.0653	0.1644	211.6267	1.7884	5.1105	0.0436	0.1922
CC#3438_M3_FEMUR	IL-3438	18	21/12/2012	M	A	A	10.3	270	150	16.06	462.7122	  939.954	453.3993	  939.954	1.411304202	0.984564978	0.2029	0.0071	0.1322	0.32572	0.22896	778.0735	0.0798	73.3849	2.7007	3.3649	2.3496	0.0432	0.2941	61.6172	0.02	9.0589	3.5015	2.7394	0.0288	0.3658	28.748	0.108	105.5168	2.404	3.8361	0.0445	0.2572
CC#111_M1_FEMUR	IL-611	27	18/12/2012	M	B	B	10.7	271	150	16.52	515.7163	  985.385	470.473	  985.385	1.475594686	1.00379459	0.227	0.0045	0.0536	0.38398	0.27759	830.0201	0.0855	84.0714	2.6124	3.5029	2.3923	0.046	0.2852	70.7817	0.0126	0	4.0924	2.6786	0.0286	0.3745	14.7299	0.1253	129.9711	2.2389	4.2409	0.047	0.2299
CC#111_M2_FEMUR	IL-611	27	18/12/2012	M	B	B	10.7	272	150	15.92	506.4998	  976.827	473.5773	  976.827	1.444951096	0.990817147	0.2191	0.0291	0.213	0.37901	0.20032	839.1426	0.0883	88.8228	2.5919	3.3173	2.4229	0.0456	0.3013	86.6756	0.0093	0	3.7208	2.4459	0.0244	0.4091	26.4858	0.1321	136.7551	2.2521	4.1608	0.0464	0.2329
CC#111_M3_FEMUR	IL-611	27	18/12/2012	M	B	B	10.7	273	150	15.63	502.7379	  992.344	498.6857	  992.344	1.445404825	1.007990653	0.2126	1E-04	    0.010	0.34109	0.24899	820.4274	0.0881	106.8177	2.8278	3.8479	2.6167	0.0443	0.2579	81.8792	0.0182	2.0118	3.5686	3.0014	0.0274	0.3304	30.7179	0.1288	166.9737	2.4339	4.6176	0.0457	0.2103
CC#2680_M2_FEMUR	IL-2680	18	17/12/2012	M	A	W	10.9	274	150	15.63	523.6162	 1002.595	519.0079	 1002.595	1.532561577	1.051356352	0.2338	0.0002	0.016	0.43889	0.29715	783.6552	0.0854	105.1802	2.7646	3.6925	2.5439	0.0431	0.266	77.6471	0.0246	11.0489	4.2891	2.7459	0.0404	0.351	38.6178	0.1133	145.9898	2.5293	4.3856	0.0434	0.2236
CC#2680_M3_FEMUR	IL-2680	18	17/12/2012	M	A	W	10.9	275	150	15.63	514.4811	  981.131	519.0079	  981.131	1.279449628	0.853505286	0.2004	0.0132	0.091	0.22609	0.18028	785.5604	0.0592	71.1679	2.5287	2.0712	1.7105	0.0435	0.4887	43.174	0.0091	0	3.6704	1.2479	0.041	0.8192	4.3701	0.0807	100.5935	2.4703	2.6198	0.0436	0.3783
CC#2750_M1_FEMUR	IL-2750	20	17/12/2012	M	A	A	10.9	276	150	14.98	511.3768	  977.297	510.9203	  977.297	1.27911621	0.853773764	0.2001	0.0138	0.107	0.22564	0.18048	778.2562	0.0546	59.0665	2.6294	1.8996	1.5489	0.0428	0.5331	38.7914	0.0079	-1.2869	3.8039	1.1426	0.0439	0.8767	2.8179	0.0747	83.8291	2.5733	2.5059	0.0427	0.3976
CC#2750_F1_FEMUR	IL-2750	20	17/12/2012	F	A	A	10.9	277	150	14.98	504.2552	  927.354	531.6102	  927.354	1.18812486	0.781918728	0.1978	0.0002	    0.010	0.16299	0.14873	783.3691	0.0283	30.2882	3.0369	1.6096	0.804	0.0421	0.6234	17.4264	2e-04	0	5.3466	1.0342	0.019	0.9677	1.9962	0.0407	43.6629	3.0277	1.962	0.0422	0.5159
CC#2750_F2_FEMUR	IL-2750	20	17/12/2012	F	A	A	10.9	278	150	14.98	468.2817	  931.371	531.6102	  931.371	1.251132858	0.869664891	0.1862	1E-04	0.01	0.18955	0.1578	791.4039	0.0365	35.5473	2.3666	1.4246	0.9822	0.0446	0.717	15.0526	0.0021	-0.9218	3.3497	1.0053	0.0386	0.9946	0.444	0.0549	54.4714	2.3524	1.7367	0.0447	0.5814
CC#4457_M1_FEMUR	IL-4457	20	16/12/2012	M	A	W	11	279	150	15.57	564.424	  970.449	508.2866	  970.449	1.605116886	1.027122593	0.2839	0.0003	0.01	0.56098	0.35705	776.4301	0.1681	170.0641	1.9736	4.3769	4.04	0.0544	0.2277	130.5511	0.0811	57.3348	2.867	3.574	0.046	0.2838	68.9215	0.2192	229.3163	1.6395	5.0694	0.0561	0.1883
CC#4457_M1-1_FEMUR	IL-4457	NA	13/12/2012	M	A	W	9.3	280	150	15.57	530.6697	  976.544	508.2866	  976.544	1.696089393	1.13874648	0.2663	0.0002	0.0159	0.67097	0.4245	812.2454	0.1917	193.0087	1.8043	4.5491	4.3992	0.0553	0.2174	167.3676	0.0793	44.2782	3.0128	3.4748	0.0491	0.2818	81.409	0.2716	286.8581	1.3611	5.8819	0.0564	0.1597
CC#4457_M2_FEMUR	IL-4457	NA	13/12/2012	M	A	W	9.3	281	150	15.57	464.649	  921.997	508.2866	  921.997	1.430894236	1.00440325	0.2054	0.0049	0.0564	0.3226	0.2284	819.1107	0.0824	86.2319	2.6728	2.7689	2.2889	0.0457	0.3649	70.4996	0.0161	1.6485	3.9455	-	0.0393	0.5731	27.6143	0.1159	128.5881	2.5525	3.92	0.0462	0.2481
CC#4457_F1_FEMUR	IL-4457	NA	13/12/2012	F	A	W	9.3	282	150	15.5	552.4633	  918.863	454.0385	  918.863	1.395230688	0.859473901	0.2537	0.0003	0.01	0.3296	0.24866	835.3207	0.1492	93.4574	2.3674	3.6507	3.1065	0.0669	0.2745	137.2163	0.0559	20.5168	3.1976	3.0991	0.0457	0.3232	69.378	0.1949	127.3351	1.979	3.9802	0.0699	0.2479
CC#4457_F2_FEMUR	IL-4457	NA	13/12/2012	F	A	W	9.3	283	150	15.5	505.0891	  982.281	473.0192	  982.281	1.535644867	1.064630378	0.2283	0.0002	    0.013	0.42975	0.28831	791.1299	0.1138	93.6203	2.3746	3.3339	2.7328	0.0556	0.3049	81.7952	0.0518	27.0535	3.4886	3.0338	0.0525	0.3346	40.5262	0.151	126.8956	1.9509	3.5766	0.0562	0.2829
CC#4457_F3_FEMUR	IL-4457	NA	13/12/2012	F	A	W	9.3	284	150	15.5	550.4547	  909.641	473.0192	  909.641	1.452097292	0.906601928	0.2639	0.0058	0.0896	0.3832	0.25799	818.6122	0.1786	113.8804	1.8163	3.7867	3.7155	0.0604	0.2657	153.6509	0.0685	33.0436	2.8698	2.7737	0.0486	0.3689	83.1647	0.2343	150.3453	1.4643	4.6429	0.0621	0.2044
CC#19_F1_FEMUR	IL-519	27	18/12/2012	F	B	A	11.1	292	150	14.74	478.4164	  972.093	503.3422	  972.093	1.279146072	0.90158131	0.1843	0	    0.000	0.20943	0.17362	789.1213	0.1361	101.0982	1.7472	3.2664	3.2392	0.0502	0.3058	113.4774	0.0249	4.4928	3.0085	2.1127	0.0397	0.473	42.7174	0.1853	141.5033	1.5599	4.2636	0.0507	0.2219
CC#19_F2_FEMUR	IL-519	27	18/12/2012	F	B	A	11.1	293	150	14.75	417.1519	  935.023	501.9727	  935.023	1.248249531	0.912041735	0.1604	1E-04	    0.000	0.1802	0.15513	815.7818	0.1259	113.0052	1.722	3.4184	3.2207	0.0463	0.3027	106.9036	0.0209	1.5601	3.184	2.2848	0.0368	0.4549	33.1306	0.181	167.3837	1.4832	4.629	0.0468	0.2065
CC#19_F3_FEMUR	IL-519	27	18/12/2012	F	B	A	11.1	294	150	14.35	486.844	  969.867	500.1465	  969.867	1.32229959	0.925491062	0.1919	1E-04	    0.010	0.23818	0.18845	837.9684	0.2382	145.8939	0.7013	4.4071	4.9549	0.0539	0.2198	189.3504	0.1046	60.3048	2.1602	3.0625	0.0482	0.3255	94.7603	0.2983	181.9584	0.3602	5.4725	0.0545	0.1646
CC#4141_M1_FEMUR	IL-4141	18	25/12/2012	M	A	A	10.1	295	150	13.95	496.8596	  924.158	438.7908	  924.158	1.580045137	1.062463513	0.2593	0.0002	    0.012	0.49908	0.33337	823.0861	0.1991	221.7715	1.5556	4.3676	4.6652	0.0534	0.219	166.4333	0.0972	93.9322	2.5438	3.341	0.0474	0.2915	94.5777	0.2559	286.6739	1.187	5.3325	0.0546	0.1706
CC#4141_M2_FEMUR	IL-4141	18	25/12/2012	M	A	A	10.1	296	150	15.68	504.3465	  934.110	581.4064	  934.110	1.513071895	1.025044131	0.2423	1E-04	0.01	0.41831	0.29157	797.0646	0.1547	158.7732	1.8953	3.8797	3.8108	0.0512	0.2557	125.3468	0.0582	40.0123	2.9198	2.8853	0.0423	0.3499	58.6955	0.2064	215.9731	1.5577	4.7117	0.0525	0.1998
CC#4141_F1_FEMUR	IL-4141	18	25/12/2012	F	A	A	10.1	297	150	15.54	538.8591	  971.545	562.6893	  971.545	1.3922434	0.916282792	0.2324	0.0015	0.0407	0.30286	0.23173	826.4643	0.0958	80.2655	2.3991	2.9216	2.5363	0.0476	0.3437	88.369	0.0319	21.5025	3.2621	2.0907	0.0398	0.4785	44.5435	0.1286	109.9477	2.1716	3.6752	0.0485	0.2696
CC#4141_F2_FEMUR	IL-4141	18	25/12/2012	F	A	A	10.1	298	150	15.54	529.5462	  959.493	584.9346	  959.493	1.425982894	0.941043872	0.2392	0.0002	    0.010	0.33739	0.25105	824.1817	0.0863	77.1437	2.5855	3.1261	2.341	0.0472	0.3154	68.5563	0.027	17.6211	3.1406	2.1793	0.038	0.4424	29.6611	0.1191	106.1079	2.4027	3.9863	0.0483	0.247
CC#2689_M1_FEMUR	IL-2689	19	18/12/2012	M	A	A	11.1	299	150	15.54	451.1168	  946.528	584.9346	  946.528	1.501045446	1.072090855	0.196	0.0107	0.1635	0.42802	0.21567	778.9866	0.0852	96.1453	2.7401	3.934	2.6746	0.0404	0.2519	70.7475	0.031	29.9155	3.0952	3.3566	0.0268	0.294	32.3089	0.1176	133.7599	2.3892	4.4425	0.0425	0.2214
CC#2689_M2_FEMUR	IL-2689	19	18/12/2012	M	A	A	11.1	300	150	14.68	437.2386	  977.388	441.4386	  977.388	1.545916522	1.138265593	0.1953	0.0104	0.133	0.42702	0.27813	762.8259	0.0987	146.0754	2.4203	4.4579	3.2278	0.0373	0.2228	82.343	0.0398	51.4548	3.1205	3.6931	0.0286	0.2683	41.8957	0.1324	191.9039	2.0753	5.0616	0.0388	0.1944
CC#2689_F1_FEMUR	IL-2689	19	18/12/2012	F	A	A	11.1	301	150	14.68	426.6542	  962.908	460.0407	  962.908	1.289155297	0.947301025	0.1645	0.0028	0.0597	0.19407	0.15463	759.5792	0.0428	65.0352	2.621	2.5551	1.5908	0.0323	0.3868	42.0975	0.0161	11.0766	3.1076	1.8091	0.0304	0.5421	38.8059	0.0572	89.4874	2.5042	3.1954	0.0326	0.3094
CC#2689_F2_FEMUR	IL-2689	19	18/12/2012	F	A	A	11.1	302	150	14.68	385.561	  909.367	460.0407	  909.367	1.348349366	1.012464892	0.1609	0.0005	0.0102	0.23005	0.16975	708.2266	0.0508	64.9911	2.7251	3.1946	1.8642	0.0327	0.3123	41.4392	0.022	19.0286	2.9805	2.5935	0.0281	0.3836	31.3958	0.0672	88.1012	2.6071	3.7391	0.0335	0.2662
CC#2689_F3_FEMUR	IL-2689	19	18/12/2012	F	A	A	11.1	303	150	15.28	418.5215	  919.319	611.6278	  919.319	1.41184991	1.040773051	0.1827	1E-04	    0.010	0.28377	0.20266	763.6476	0.0652	78.2814	2.6957	3.2728	2.1089	0.0397	0.3032	63.8085	0.0287	37.3752	2.8541	2.7394	0.0282	0.36	46.7348	0.0862	98.0013	2.5097	3.6872	0.042	0.2699
CC#2689_F4_FEMUR	IL-2689	19	18/12/2012	F	A	A	11.1	304	150	15.43	452.2349	 1136.800	545.0677	 1136.800	1.353674119	1.016355864	0.1611	0	    0.000	0.23236	0.17427	731.8354	0.0483	59.6182	2.7746	3.2243	1.7532	0.0333	0.3126	29.9655	0.0166	10.8953	3.076	2.5765	0.0257	0.3918	1.8455	0.0653	86.257	2.6554	3.6887	0.0344	0.2714
CC#111_30_M1_FEMUR	IL-111	30	23/12/2012	M	A	B	11	305	150	15.43	518.955	  947.167	566.7836	  947.167	1.479571451	0.989293203	0.2473	0.0002	    0.010	0.40088	0.28211	795.969	0.1395	145.6938	2.2135	4.4758	3.7129	0.0463	0.2181	120.1426	0.0759	60.3447	3.201	4.0318	0.0435	0.2453	80.8822	0.1771	188.6675	1.7818	4.843	0.047	0.1985
CC#111_30_F1_FEMUR	IL-111	30	23/12/2012	F	A	B	11	306	150	15.43	454.5862	  954.927	566.7836	  954.927	1.378448053	0.986283434	0.1916	1E-04	    0.010	0.27029	0.20513	720.7352	0.1329	207.8187	2.0221	4.4848	3.911	0.0433	0.2182	103.4341	0.0689	97.5064	2.5359	3.8361	0.0364	0.2561	61.3433	0.1718	264.9229	1.7573	5.0715	0.045	0.1913
CC#111_30_F2_FEMUR	IL-111	30	23/12/2012	F	A	B	11	307	150	15.46	484.2598	  952.097	628.3363	  952.097	1.337612477	0.927943518	0.2026	1E-04	    0.000	0.25055	0.20013	793.5951	0.1178	158.7865	2.4407	4.2944	3.4928	0.044	0.221	98.6863	0.0795	107.6245	2.654	3.9275	0.0401	0.2435	75.8605	0.1404	179.5059	2.315	4.6284	0.0453	0.2027
CC#111_30_F3_FEMUR	IL-111	30	23/12/2012	F	A	B	11	308	150	13.98	449.108	  923.154	486.0859	  923.154	1.36947768	0.978350939	0.1893	0.0009	0.0123	0.26231	0.19304	792.8647	0.1069	143.8708	2.4671	4.1599	3.2452	0.0443	0.2261	109.6427	0.0766	81.0748	2.6304	3.6169	0.0419	0.2582	94.0299	0.1249	172.4251	2.3963	4.5851	0.0451	0.2053
CC#111_30_F4_FEMUR	IL-111	30	23/12/2012	F	A	B	11	309	150	13.28	444.8168	  922.241	459.1514	  922.241	1.352535538	0.965070979	0.1892	0.0003	0.0151	0.2529	0.19437	806.9254	0.1328	158.0172	2.1866	4.2867	3.6499	0.0462	0.2211	114.3905	0.0896	95.0537	2.5607	3.7863	0.0434	0.2537	92.2038	0.1587	187.8173	1.9931	4.7076	0.047	0.1993
CC#111_30_F5_FEMUR	IL-111	30	23/12/2012	F	A	B	11	310	150	14.66	472.6643	  932.650	523.155	  932.650	1.365156934	0.9539243	0.203	1E-04	    0.010	0.26929	0.20778	795.969	0.1126	132.8133	2.3524	4.1336	3.3449	0.0439	0.2325	97.0429	0.0658	85.311	2.7387	3.6785	0.039	0.2617	71.8432	0.1398	152.5335	2.1268	4.5148	0.0452	0.2106
CC#19_27_F1_Femur	IL-519	27	24/12/2012	F	B	A	10.85714286	314	150	14.66	474.399	  987.157	544.2125	  987.157	1.314907946	0.933484018	0.1845	1E-04	    0.010	0.23132	0.1908	831.212	0.2604	125.7239	0.6331	4.5175	4.8652	0.06	0.2111	218.5674	0.1064	48.5825	2.297	3.5542	0.0511	0.2785	113.1122	0.3289	157.4617	0.1702	5.137	0.061	0.1759
CC#2126_F1_FEMUR	IL-2126	19	24/12/2012	F	A	A	10.85714286	315	150	14.66	589.989	  963.419	544.2125	  963.419	1.258271795	0.754454597	0.231	0.0005	0.01	0.26082	0.14487	771.4084	0.0079	2.8943	3.4327	1.7747	0.2147	0.0389	0.5328	16.0569	0	2.0304	0	    0.000	0	0	36.4175	0.011	4.0486	3.4327	1.7747	0.0389	0.5328
CC#2750_M2_FEMUR	IL-2750	20	24/12/2012	M	A	A	10.85714286	316	150	15.12	594.3715	  967.162	557.3937	  967.162	1.411155335	0.859236842	0.2639	0.0015	0.0296	0.34628	0.25747	788.0256	0.0906	96.4733	2.0616	2.2136	2.285	0.0472	0.4678	75.4953	0.0042	-2.1658	3.3332	1.2265	0.0324	0.8212	20.2568	0.128	138.3145	2.0069	3.3448	0.0474	0.2959
CC#2750_M3_FEMUR	IL-2750	20	24/12/2012	M	A	A	10.85714286	317	150	15.21	574.9239	 1108.865	534.3853	 1108.865	1.1701243	0.783252839	0.1964	0	    0.000	0.15074	0.13137	757.5303	0.1215	179.0907	2.3259	4.3894	3.5362	0.0424	0.2272	103.8906	0.0327	6.7911	3.5712	3.4154	0.033	0.2956	40.6175	0.1606	253.2725	2.0302	5.032	0.0433	0.1931
CC#188_M1_FEMUR	IL-188	28	24/12/2012	M	A	A	10.85714286	319	150	14.97	564.0588	  933.197	559.0372	  933.197	1.228172174	0.762236623	0.232	0	    0.000	0.19772	0.16935	799.9863	0.0433	31.4851	2.3211	1.4515	1.0531	0.0465	0.7139	51.6651	0	0	0	    0.000	0.01	0	42.9913	0.0609	44.3316	2.3211	1.8055	0.0465	0.5674
CC#188_M2_FEMUR	IL-188	28	24/12/2012	M	A	A	10.85714286	320	150	14.69	569.2631	  967.162	555.5676	  967.162	1.325939149	0.842499603	0.2377	1E-04	    0.010	0.25895	0.19301	820.347	0.0733	45.3736	2.3623	1.859	1.6507	0.05	0.5608	85.9039	0.0017	-1.5726	5.0646	1.0732	0.0409	0.9411	50.5695	0.1079	67.3208	2.3466	3.2133	0.05	0.3175
CC#188_M3_FEMUR	IL-188	28	24/12/2012	M	A	A	10.85714286	321	150	15.69	579.4891	  994.370	484.0772	  994.370	1.26216158	0.802126012	0.2241	0.0127	0.1165	0.21266	0.17081	836.0511	0.0565	43.7289	2.3228	2.0725	1.3149	0.0486	0.5049	67.7345	0	-1.9525	2.079	    0.000	0.01	0	46.9174	0.0812	62.8933	2.3225	2.0731	0.0486	0.5048
CC#4052_M1_FEMUR	IL-4052	15	31/12/2012	M	A	W	10.42857143	322	150	15.84	447.8298	  925.163	467.3687	  925.163	1.615076816	1.156090401	0.2283	1E-04	    0.010	0.50176	0.31455	828.0164	0.2414	197.3656	1.4329	3.9718	4.6081	0.066	0.2431	202.2242	0.1015	61.779	2.6619	2.833	0.057	0.3407	95.1255	0.341	285.8551	0.9388	5.6214	0.0675	0.1515
CC#4052_F1_FEMUR	IL-4052	15	31/12/2012	F	A	W	10.42857143	323	150	14.06	433.0387	  971.727	471.1382	  971.727	1.487822595	1.098423655	0.1927	0	    0.010	0.35247	0.2502	822.2643	0.0732	67.2506	2.6172	2.6812	1.9704	0.0486	0.3837	69.8345	0.0167	3.8458	3.2882	1.9219	0.0421	0.5362	37.0566	0.1076	105.2137	2.4896	3.5421	0.0492	0.2779
CC#4052_F2_FEMUR	IL-4052	15	31/12/2012	F	A	W	10.42857143	324	150	14.06	433.3126	  909.185	471.1382	  909.185	1.388828038	0.995739473	0.1958	1E-04	    0.010	0.27981	0.21272	811.0341	0.0384	33.246	3.2404	2.171	1.1553	0.0408	0.4598	39.6131	0.003	-2.3075	3.8859	1.3864	0.0285	0.7201	20.0742	0.0584	51.9626	3.1598	2.8516	0.0412	0.3484
CC#4052_F3_FEMUR	IL-4052	15	31/12/2012	F	A	W	10.42857143	325	150	15	468.5557	  943.697	436.9647	  943.697	1.476116627	1.045904626	0.2143	0	    0.000	0.37494	0.26863	785.0126	0.0532	46.9579	2.7093	2.3235	1.4974	0.0466	0.4386	62.0737	0.0047	0	4.042	1.4233	0.0374	0.7073	33.861	0.0817	73.3856	2.6479	3.2951	0.0469	0.2977
CC#2156_M1_FEMUR	IL-2156	20	28/12/2012	M	A	B	10.71428571	326	150	15.42	483.9859	 1017.835	453.7645	 1017.835	1.35411612	0.963585598	0.1909	0	    0.000	0.24879	0.1816	752.5087	0.0579	80.5979	2.8969	3.5593	2.0892	0.0339	0.2855	52.8521	0.01	0.4495	3.6094	2.5753	0.0226	0.3975	21.3525	0.0843	124.976	2.6899	4.4599	0.0347	0.2233
CC#3348_M1_FEMUR	IL-3348	20	01/01/2013	M	A	A	10.42857143	327	150	14.3	519.868	  982.957	476.781	  982.957	1.315396852	0.894470941	0.2023	1E-04	    0.000	0.25148	0.20477	765.6563	0.1285	178.644	2.0023	3.8705	3.5393	0.0429	0.2617	106.721	0.0278	9.9979	4.057	2.7373	0.0363	0.3676	39.3392	0.177	257.017	1.7175	4.8809	0.0433	0.2011
CC#3348_M2_FEMUR	IL-3348	20	01/01/2013	M	A	A	10.42857143	328	150	15.46	501.4248	  959.036	549.9981	  959.036	1.33771242	0.916366163	0.2051	1E-04	    0.010	0.26748	0.21078	765.7476	0.1308	167.7527	2.0328	3.7535	3.4727	0.0452	0.2679	105.2601	0.0371	12.8834	3.5174	2.6612	0.0391	0.3778	42.6261	0.1749	235.1178	1.7956	4.6971	0.0457	0.2087
CC#3348_M3_FEMUR	IL-3348	20	01/01/2013	M	A	A	10.42857143	329	150	15.22	515.2116	  946.710	519.6854	  946.710	1.352883801	0.902569329	0.216	0.0002	0.0234	0.28426	0.22695	782.9127	0.1496	170.1966	1.7798	3.6407	3.8241	0.0487	0.2809	115.5774	0.0514	30.8557	3.2137	2.492	0.0446	0.404	42.2609	0.1971	232.8946	1.5578	4.8702	0.0491	0.2009
CC#3348_M4_FEMUR	IL-3348	20	01/01/2013	M	A	A	10.42857143	330	150	15.58	488.0945	  919.958	543.0591	  919.958	1.280513992	0.860924466	0.2023	0.0005	0.0205	0.23049	0.19259	776.7953	0.157	179.0896	1.8655	4.0736	4.0419	0.049	0.2486	119.96	0.0578	37.4058	3.2362	2.8908	0.0465	0.3488	50.3869	0.1998	236.0004	1.6358	5.1008	0.0492	0.1905
CC#3348_M5_FEMUR	IL-3348	20	01/01/2013	M	A	A	10.42857143	331	150	15.1	500.6944	  946.254	539.4069	  946.254	1.224257596	0.831187409	0.1932	0	    0.000	0.18398	0.16122	774.1475	0.1538	194.3124	2.0191	4.0833	3.8275	0.0507	0.2488	124.5251	0.0439	23.8325	3.5543	2.8052	0.0415	0.3575	52.213	0.2072	271.3116	1.7442	5.0841	0.0516	0.1917
CC#3348_M6_FEMUR	IL-3348	20	01/01/2013	M	A	A	10.42857143	332	150	15.01	462.6209	  895.124	540.9591	  895.124	1.201948938	0.823917712	0.1888	1E-04	    0.010	0.16708	0.15323	757.8043	0.1072	142.4606	2.3859	3.1973	2.8847	0.0453	0.3211	80.6083	0.0182	6.8949	3.5812	2.1621	0.0344	0.4636	16.1482	0.1599	213.8055	2.1975	4.5028	0.046	0.2215
CC#2126_20_M1_FEMUR	IL-2126	19	01/01/2013	M	A	A	10.42857143	333	150	15.36	578.5395	 1032.032	530.1853	 1032.032	1.219855642	0.788494052	0.2125	1E-04	    0.000	0.19625	0.16283	799.8312	0.0105	6.1226	3.2673	0.9621	0.2916	0.0414	1.0375	6.9241	0	0	4.4671	    0.000	0.01	0	17.5513	0.0146	8.48	3.2614	1.1096	0.0414	0.8986
CC#2126_20_M2_FEMUR	IL-2126	19	01/01/2013	M	A	A	10.42857143	334	150	14.28	518.0675	  977.297	536.3026	  977.297	1.333240988	0.902463521	0.2078	1E-04	    0.000	0.26217	0.20925	822.3083	0.0203	13.7945	3.0045	1.2783	0.5448	0.044	0.7939	32.4107	0	1.4131	0	    0.000	0	0	32.5988	0.029	19.7166	3.0045	1.3642	0.044	0.7429
CC#2126_F1_FEMUR	IL-2126	19	01/01/2013	F	A	A	10.42857143	335	150	14.28	612.0201	 1173.854	557.7551	 1173.854	1.31435105	0.875995857	0.2128	0	    0.000	0.24668	0.19347	817.7	0.0255	17.6568	3.3277	1.7967	0.6739	0.0485	0.5708	9.5574	0	-1.2823	3.6445	    1.449	0.01	0.689	-10.4746	0.0371	25.6994	3.3157	2.0762	0.0485	0.4989
CC#2126_F2_FEMUR	IL-2126	19	01/01/2013	F	A	A	10.42857143	336	150	13.7	601.3105	 1028.609	516.6724	 1028.609	1.237606147	0.783732238	0.2247	1E-04	    0.000	0.20794	0.17301	812.5862	0.0133	6.6529	2.7825	1.4646	0.2884	0.0468	0.7036	13.9569	0	1.7622	0	    0.000	0	0	27.0133	0.0187	9.3758	2.7825	1.4646	0.0468	0.7036
CC#1912_M1_FEMUR	IL-1912	20	07/01/2013	M	A	W	10	337	150	15.8	517.129	  974.832	549.8155	  974.832	1.274084492	0.862756379	0.2029	0.0005	0.0273	0.21004	0.16901	765.2911	0.1402	206.4792	2.155	4.6444	4.0099	0.0429	0.2117	116.9469	0.0579	44.4955	3.3598	3.6164	0.0361	0.2752	66.1824	0.179	274.4052	1.8041	5.3888	0.0439	0.1778
CC#1912_F1_FEMUR	IL-1912	20	07/01/2013	F	A	W	10	338	150	14.75	491.3815	  964.514	499.5988	  964.514	1.15448685	0.799223883	0.1748	0	    0.000	0.13568	0.12068	777.7997	0.1251	167.216	1.9702	3.8376	3.4716	0.0426	0.2653	95.6733	0.03	22.9719	3.2032	2.6813	0.032	0.379	33.861	0.1715	230.1382	1.7165	4.7944	0.0434	0.2043
CC#1912_F2_FEMUR	IL-1912	20	07/01/2013	F	A	W	10	339	150	14.6	501.6074	  995.466	557.3024	  995.466	1.187867639	0.821937286	0.1793	0	    0.000	0.15448	0.13319	781.7257	0.1067	143.2627	2.2993	3.521	2.9866	0.0425	0.2869	89.9212	0.0284	16.9308	3.2274	2.5853	0.0339	0.3906	37.9697	0.1451	200.3992	2.1009	4.3296	0.0433	0.2291
CC#3438_18_F1_FEMUR	IL-3438	18	07/01/2013	F	A	NAB	10	340	150	14.83	489.6467	  986.884	588.3455	  986.884	1.197294842	0.838302949	0.173	1E-04	    0.000	0.16087	0.14294	742.6479	0.0328	27.3434	3.2548	2.6813	1.0975	0.0339	0.3725	28.2002	0.0087	0	3.7464	2.3506	0.0251	0.4261	21.5351	0.0439	39.9396	3.0923	2.8468	0.0348	0.35
CC#3438_18_F2_FEMUR	IL-3438	18	07/01/2013	F	A	A	10	341	150	14.68	561.6111	 1162.192	575.3804	 1162.192	1.261974942	0.870425868	0.1907	0	    0.000	0.20004	0.1668	780.4576	0.055	64.0793	2.9938	2.8727	1.6706	0.041	0.3488	35.2321	0.0067	-1.91	3.8544	2.0319	0.0245	0.4862	-4.0794	0.0788	95.7176	2.7996	3.602	0.0417	0.277
CC#3912_F1_FEMUR	IL-3912	20	03/01/2013	F	A	W	10.57142857	342	150	15.44	678.8872	 1195.203	526.8984	 1195.203	1.183932719	0.743121427	0.2121	0	    0.000	0.16901	0.15251	862.7484	0.0912	70.3262	2.7689	3.4746	2.4727	0.0485	0.2824	84.9828	0.0355	15.3249	3.2712	2.8825	0.0393	0.3413	48.3046	0.1118	89.404	2.6263	3.7412	0.0496	0.2606
CC#3912_F2_FEMUR	IL-3912	20	03/01/2013	F	A	W	10.57142857	343	150	14.71	700.4239	 1207.241	505.3508	 1207.241	1.15598577	0.712426473	0.215	0	    0.000	0.15451	0.14017	833.0297	0.1081	104.4889	2.4995	3.8612	2.9892	0.0457	0.2574	96.7386	0.0399	20.0472	3.2454	3.0186	0.0375	0.3356	46.3296	0.1349	135.9331	2.318	4.3727	0.0466	0.2249
CC#3912_F3_FEMUR	IL-3912	20	03/01/2013	F	A	W	10.57142857	344	150	13.62	645.9709	 1199.623	498.4118	 1199.623	1.260869684	0.820021951	0.2106	0	    0.000	0.21069	0.17629	801.43	0.1057	86.2983	2.4564	3.7679	2.7947	0.0472	0.2686	91.9422	0.0292	2.3274	3.4038	3.1348	0.0337	0.3226	37.113	0.1408	123.7675	2.1425	4.1497	0.0485	0.2412
CC#3912_F4_FEMUR	IL-3912	20	03/01/2013	F	A	W	10.57142857	345	150	14.48	668.8242	 1198.024	498.5944	 1198.024	1.235103652	0.784357454	0.2213	0	0.0181	0.19913	0.17159	828.3273	0.1383	106.089	2.2953	3.8497	3.2645	0.0547	0.259	121.2848	0.0379	21.1844	2.9499	2.8681	0.0362	0.3477	40.2166	0.181	138.49	2.0578	4.489	0.0564	0.2177
CC#3912_F5_FEMUR	IL-3912	20	03/01/2013	F	A	W	10.57142857	346	150	14.82	610.5153	 1110.937	450.2037	 1110.937	1.236649	0.792512672	0.2151	0.0002	0.0222	0.19931	0.17254	816.6655	0.1417	124.602	2.2504	3.8818	3.4381	0.0533	0.2545	114.4194	0.0408	18.3004	3.1879	2.9398	0.0371	0.3394	34.4797	0.1858	168.4433	1.9557	4.4998	0.0549	0.2127
CC#188_M1_FEMUR	IL-188	29	02/01/2013	M	A	A	10.71428571	347	150	15.37	636.3781	 1141.878	497.7727	 1141.878	1.175048578	0.747213673	0.209	0	    0.000	0.16102	0.14709	812.9977	0.0642	62.5413	3.0319	3.3453	1.9733	0.0414	0.2992	46.6117	0.0163	-1.5455	3.4758	2.5848	0.0293	0.3858	9.6514	0.0843	88.8949	2.8877	3.7764	0.0424	0.2632
CC#188_M2_FEMUR	IL-188	29	02/01/2013	M	A	A	10.71428571	348	150	15.28	635.8138	 1134.073	479.9686	 1134.073	1.266577342	0.805175826	0.2293	0	    0.000	0.21594	0.17183	792.3074	0.0547	52.4396	2.4351	1.9599	1.3665	0.0484	0.53	36.4547	5e-04	0	2.7058	  100.013	0.0199	0	-4.1734	0.0797	76.5886	2.4301	2.3573	0.0485	0.4411
CC#188_M3_FEMUR	IL-188	29	02/01/2013	M	A	A	10.71428571	349	150	15.47	617.5688	 1136.048	513.1116	 1136.048	1.243963188	0.805831806	0.2112	0	    0.000	0.19738	0.16437	762.4006	0.0713	62.0701	2.1512	1.7873	1.7378	0.0485	0.5813	48.6808	6e-04	-1.6705	4.7764	1.1116	0.0339	0.8999	-3.7032	0.1029	89.8259	2.1469	2.0161	0.0485	0.516
CC#188_M4_FEMUR	IL-188	29	02/01/2013	M	A	A	10.71428571	350	150	15.04	688.7621	 1210.909	503.89	 1210.909	1.184330562	0.742658674	0.2124	0	    0.000	0.16931	0.15301	870.084	0.0976	76.3582	2.7117	3.4991	2.6024	0.0488	0.2797	91.2839	0.0383	12.732	3.1873	2.8373	0.0387	0.3442	53.7593	0.1202	98.1152	2.5478	3.7999	0.05	0.2564
CC#3348_19_F1_FEMUR	IL-3348	19	02/01/2013	F	A	NAB	10.71428571	351	150	14.58	570.7239	 1099.826	487.1815	 1099.826	1.290122835	0.866166075	0.2099	0	    0.000	0.22797	0.18432	808.3862	0.2304	181.0818	1.4625	4.6996	4.8686	0.0581	0.2006	196.3808	0.1437	115.5272	2.2311	4.0934	0.0522	0.2362	134.2946	0.271	205.7422	1.1523	5.0704	0.0593	0.1814
CC#19_M2_FEMUR	IL-519	27	20/01/2013	M	B	A	10.42857143	359	150	14.08	721.0201	 1236.395	456.4123	 1236.395	1.157724724	0.710359273	0.2175	0	    0.010	0.15611	0.1414	839.1426	0.0936	87.9026	2.6065	3.7306	2.7026	0.0439	0.2638	84.8887	0.0338	18.277	3.2503	2.9263	0.0348	0.3368	41.6273	0.1168	112.3844	2.4444	4.1759	0.045	0.2337
CC#19_M3_FEMUR	IL-519	27	20/01/2013	M	B	A	10.42857143	360	150	13.34	673.2444	 1236.771	485.7155	 1236.771	1.264816914	0.818179945	0.213	1E-04	    0.010	0.21391	0.17759	807.1668	0.081	58.9263	2.9018	3.5062	2.2594	0.0455	0.2863	75.296	0.0251	0.668	3.5226	2.9255	0.0323	0.3423	34.4797	0.1056	84.8158	2.6518	3.8466	0.0468	0.2593
CC#21_M1_FEMUR	IL-521	26	16/01/2013	M	B	W	11	361	150	13.34	652.7422	 1187.021	485.7155	 1187.021	1.330860924	0.854541442	0.2325	0	    0.000	0.28087	0.21012	790.1444	0.0519	49.4226	3.0207	3.0279	1.5777	0.0433	0.3285	35.138	0.0119	2.0463	3.5198	2.5168	0.029	0.3923	9.2752	0.0688	70.4194	2.7931	3.304	0.0444	0.3002
CC#21_M2_FEMUR	IL-521	26	16/01/2013	M	B	W	11	362	150	13.52	637.0364	 1161.910	452.6689	 1161.910	1.374150879	0.88629856	0.2416	0	    0.000	0.31406	0.22856	776.5076	0.0652	63.8697	2.7225	3.0586	1.8983	0.0441	0.3289	40.9689	0.0114	0.4479	3.6757	2.3589	0.0311	0.4254	-1.3521	0.0892	92.3	2.5112	3.5208	0.0448	0.2834
CC#21_M3_FEMUR	IL-521	26	16/01/2013	M	B	W	11	363	150	13.52	665.5326	 1166.707	471.6085	 1166.707	1.284371112	0.805049311	0.2303	0	    0.000	0.24784	0.19088	810.3644	0.0705	56.5709	2.9234	3.2428	2.0551	0.0441	0.3033	49.245	0.0173	13.2147	3.352	2.579	0.0298	0.3803	11.9085	0.0909	78.2951	2.7439	3.5252	0.0452	0.2775
CC#21_F1_FEMUR	IL-521	26	16/01/2013	F	B	W	11	364	150	13	630.2651	 1154.293	554.7457	 1154.293	1.332457661	0.859192386	0.2326	0	    0.000	0.2712	0.20098	787.9813	0.0555	39.7983	2.9647	2.8172	1.6542	0.0454	0.3574	31.1881	0.0158	6.3262	3.301	2.318	0.0313	0.4398	1.5634	0.0742	55.0544	2.7846	3.1489	0.0468	0.3156
CC#21_F2_FEMUR	IL-521	26	16/01/2013	F	B	W	11	365	150	13.11	643.4316	 1150.060	519.4116	 1150.060	1.316093593	0.836790349	0.2346	0	    0.000	0.2662	0.20197	793.1539	0.0475	30.1268	3.2244	2.6128	1.3397	0.049	0.3867	25.3572	0.0088	2.2727	3.3562	2.026	0.0284	0.4904	-2.3866	0.0643	42.7291	3.0775	2.9015	0.0502	0.3446
CC#21_F3_FEMUR	IL-521	26	16/01/2013	F	B	W	11	366	150	15	693.9347	 1203.479	491.838	 1203.479	1.285084674	0.799295569	0.2385	0	    0.000	0.23937	0.1894	794.2824	0.0491	40.1785	2.9912	2.7731	1.5651	0.0399	0.3595	41.2511	0.0236	19.8148	3.1469	2.4134	0.0336	0.409	22.5358	0.0608	49.4956	2.884	2.981	0.0409	0.3347
CC#57_F1_FEMUR	IL-557	19	23/01/2013	F	B	A	10	367	150	14.02	607.6939	 1180.626	496.3118	 1180.626	1.356943391	0.909812339	0.2146	0	    0.000	0.27663	0.21073	812.1513	0.0734	94.3199	2.7988	3.4292	1.9692	0.0463	0.2948	53.289	0.0028	-0.8509	4.0306	2.5493	0.0234	0.3883	-3.8913	0.1119	145.78	2.6276	3.9547	0.0466	0.2544
CC#57_F2_FEMUR	IL-557	19	23/01/2013	F	B	A	10	368	150	14.48	594.9036	 1166.707	503.5248	 1166.707	1.282798887	0.862188017	0.1995	0	    0.010	0.22203	0.17939	819.1107	0.0315	27.5189	3.1347	1.8062	0.8359	0.0472	0.5688	15.4823	1e-04	0	3.5722	    0.000	0.0178	0	-7.9353	0.0448	39.1844	3.1273	2.1901	0.0472	0.4638
CC#2156_21_M1_FEMUR	IL-2156	21	20/01/2013	M	A	B	10.4	369	150	14.7	643.4316	 1150.060	426.0084	 1150.060	1.316093593	0.836790349	0.2346	0	    0.000	0.2662	0.20197	795.6931	0.0523	29.9469	3.1993	2.6542	1.4351	0.0497	0.3733	29.6833	0.01	2.1726	3.3932	2.0795	0.0289	0.4713	-2.0104	0.0711	42.3103	3.0389	2.9942	0.051	0.3327
CC#2156_21_M2_FEMUR	IL-2156	21	20/01/2013	M	A	B	10.4	370	150	15.07	613.8069	 1175.265	480.6369	 1175.265	1.346421626	0.894919218	0.2204	0	    0.000	0.26655	0.20372	793.53	0.1223	166.7973	2.5753	5.0291	3.6839	0.0429	0.1955	99.466	0.0405	21.4603	3.3239	4.2031	0.0285	0.2363	37.6773	0.1596	227.4301	2.2343	5.5447	0.0446	0.1741
CC#2156_21_M3_FEMUR	IL-2156	21	20/01/2013	M	A	B	10.4	371	150	14.37	622.3652	 1192.476	623.964	 1192.476	1.397942934	0.930416878	0.2269	1E-04	    0.010	0.31109	0.22781	2.5749	0.1043	109.9193	2.9502	4.515	2.9917	0.0458	0.2194	0.7103	0.0256	2.717	3.5119	3.7761	0.0267	0.2639	0.5534	0.1426	159.8881	2.5921	4.9696	0.0475	0.1961
CC#2156_21_M4_FEMUR	IL-2156	21	20/01/2013	M	A	B	10.4	372	150	14.37	599.2297	 1201.504	623.964	 1201.504	1.390202517	0.94842266	0.2129	0	    0.010	0.29287	0.21884	809.8942	0.0996	130.9429	2.8986	4.4376	3.0093	0.0428	0.2241	85.1709	0.0254	1.5783	3.5262	3.4953	0.0272	0.2859	29.1191	0.1368	194.6886	2.5686	5.1469	0.0443	0.189
CC#2391_M1_FEMUR	IL-2391	21	17/01/2013	M	A	A	10.9	373	150	14.34	650.2971	 1183.823	623.5878	 1183.823	1.258666372	0.809143069	0.2203	1E-04	0.01	0.20788	0.17123	781.1159	0.041	30.2708	2.7236	2.3519	1.113	0.0446	0.4302	28.4607	1e-04	-1.5096	3.2042	    1.738	0.0119	0.575	1.4694	0.0571	42.1847	2.6963	2.5395	0.0446	0.3983
CC#2391_M2_FEMUR	IL-2391	21	17/01/2013	M	A	A	10.9	374	150	14.34	637.5067	 1170.939	623.5878	 1170.939	1.20338345	0.776887213	0.21	0	    0.000	0.17162	0.15235	879.8648	0.0161	4.0406	3.6923	1.585	0.3735	0.0541	0.6351	2.8801	0.0014	-1.559	3.7707	1.5869	0.0298	0.628	-1.7282	0.0232	5.9771	3.4567	1.5648	0.0548	0.6491
CC#1061_F1_FEMUR	IL-1061	20	25/01/2013	F	A	A	10.3	375	150	15.04	531.7983	 1124.480	616.3462	 1124.480	1.278155283	0.890840881	0.1898	0.0003	0.0332	0.21219	0.1747	794.8467	0.0872	79.1354	2.2094	2.3389	2.2399	0.0489	0.4633	64.9508	0.0088	-2.5983	3.4441	1.3778	0.0371	0.7848	2.1277	0.1271	119.4437	2.1187	3.3051	0.0491	0.3074
CC#2573_M1_FEMUR	IL-2573	18	27/01/2013	M	A	W	10	376	150	15.04	695.1573	 1190.218	616.3462	 1190.218	1.286743165	0.793138993	0.2392	0	    0.000	0.24538	0.19776	850.7104	0.2334	187.0529	1.0678	3.7612	4.5509	0.0607	0.286	189.9388	0.0606	29.9083	2.8205	2.2857	0.0527	0.4536	55.7343	0.3114	254.6381	0.8028	5.2653	0.0614	0.1855
CC#2573_M2_FEMUR	IL-2573	18	27/01/2013	M	A	W	10	377	150	15.42	579.668	 1143.853	627.8199	 1143.853	1.123425995	0.752240554	0.1752	0	    0.000	0.13016	0.12478	763.5292	0.0626	77.89	2.3149	2.0464	1.7484	0.0425	0.504	35.8904	6e-04	-1.2305	4.1343	1.4895	0.0225	0.6508	-15.459	0.094	117.3499	2.2919	2.4891	0.0425	0.4145
CC#2573_M3_FEMUR	IL-2573	18	27/01/2013	M	A	W	10	378	150	15.42	549.1969	 1119.589	627.8199	 1119.589	1.107899417	0.755592888	0.1676	0	    0.000	0.11873	0.10956	786.1944	0.0793	117.7311	2.2462	2.3557	2.2464	0.0431	0.4375	52.7248	0.0049	-2.7626	4.1249	1.4063	0.0332	0.72	-11.6031	0.1134	171.0411	2.1786	3.6825	0.0433	0.2705
CC#3912_21_M1_FEMUR	IL-3912	21	20/01/2013	M	A		11	379	150	15.34	622.0831	 1153.916	590.5775	 1153.916	1.451307932	0.948483069	0.2479	0	    0.010	0.38707	0.27977	791.6491	0.0945	94.0339	2.7875	3.9231	2.6759	0.0458	0.2518	75.4841	0.0225	2.4698	3.6524	3.1773	0.0304	0.3141	21.6894	0.129	136.7427	2.5013	4.4349	0.047	0.219
CC#3912_21_M2_FEMUR	IL-3912	21	20/01/2013	M	A		11	380	150	14.53	629.7008	 1164.920	562.2694	 1164.920	1.300639941	0.84563719	0.2233	0	    0.000	0.24421	0.19178	785.0659	0.0847	89.1647	2.8075	3.8436	2.5375	0.0418	0.2595	69.277	0.0241	2.1207	3.6709	3.1121	0.032	0.3211	21.6894	0.1122	128.1614	2.578	4.3753	0.0428	0.2263
CC#3912_21_M3_FEMUR	IL-3912	21	20/01/2013	M	A		11	381	150	14.92	639.0115	 1157.866	589.4489	 1157.866	1.30962002	0.839031671	0.2335	0	    0.000	0.25772	0.20284	774.5327	0.0933	88.7592	2.7395	3.9644	2.659	0.0454	0.2507	76.2364	0.0216	4.2393	3.6579	3.1628	0.0295	0.3124	22.7239	0.1256	128.6164	2.4387	4.4922	0.0466	0.2192
CC#3912_21_M4_FEMUR	IL-3912	21	20/01/2013	M	A		11	382	150	14.21	703.9977	 1214.765	574.7776	 1214.765	1.365940151	0.848943174	0.2509	0	    0.000	0.30787	0.22948	812.0573	0.1251	139.3613	2.3907	4.2139	3.4587	0.0461	0.2326	99.466	0.0406	15.5937	3.3064	3.3427	0.034	0.2941	38.1475	0.1653	193.9272	2.0973	4.7943	0.0474	0.2002
CC#3912_21_M5_FEMUR	IL-3912	21	20/01/2013	M	A		11	383	150	14.35	600.3583	 1183.353	634.4031	 1183.353	1.219886955	0.821139127	0.1927	0	    0.000	0.17823	0.15177	-	0.147	175.6634	2.2427	4.7542	4.0203	0.0461	0.2045	NA	0.147	175.6634	2.2427	4.7542	0.0461	0.2045	NA	0.147	175.6634	2.2427	4.7542	0.0461	0.2045
CC#111_31_M1_FEMUR	IL-111	31	06/02/2013	M	A		10.1	398	150	13.59	659.9838	 1216.269	619.8451	 1216.269	1.576628775	1.031075566	0.2802	0	    0.000	0.52709	0.35202	875.5388	0.1856	162.8908	1.8466	4.6455	4.2742	0.0545	0.2124	158.5272	0.0735	49.7555	3.2816	3.8019	0.0458	0.2653	70.4996	0.2591	225.9394	1.2255	5.4667	0.056	0.1693
CC#111_31_M2_FEMUR	IL-111	31	06/02/2013	M	A		10.1	399	150	14.34	611.1736	 1189.090	636.8484	 1189.090	1.547204942	1.043039914	0.2508	0	    0.000	0.46954	0.32622	853.6258	0.1828	143.2605	1.791	4.6141	4.1007	0.0558	0.2156	154.2951	0.0564	27.8612	3.5656	3.6477	0.0447	0.2751	54.8878	0.2665	213.1342	1.0998	5.6054	0.0573	0.1655
CC#111_31_M3_FEMUR	IL-111	31	06/02/2013	M	A		10.1	400	150	15.04	634.7794	 1189.466	635.1555	 1189.466	1.52338292	1.003927766	0.2614	1E-04	0.0197	0.44889	0.31612	861.996	0.1864	130.3896	1.7734	4.3772	4.0385	0.0574	0.2264	158.8094	0.0535	16.6424	3.5093	3.4438	0.0434	0.2867	52.3486	0.269	191.2412	1.0955	5.3143	0.0591	0.1772
CC#1452_M1_FEMUR	IL-1452	11	06/02/2013	M	A		10.1	402	150	15.87	690.455	 1210.062	493.8975	 1210.062	1.323286192	0.830743059	0.2412	1E-04	0.0178	0.26052	0.20426	852.6854	0.1551	116.4258	1.6082	3.5057	3.3859	0.0557	0.2921	127.9621	0.0107	-2.5816	3.3062	1.8849	0.0371	0.5342	12.0966	0.2179	167.0218	1.5	4.5436	0.0561	0.2137
CC#4457_22_F3_FEMUR	IL-4457	22	04/07/2013	F	A		11.9	649	150	16.01	664.1271	 1215.233	569.1348	 1215.233	1.631407618	1.065718133	0.2759	0	    0.000	0.58146	0.38233	940.4308	0.1577	97.7209	2.2708	3.7894	3.3737	0.0643	0.2525	155.0475	0.103	63.9644	2.598	3.3768	0.0537	0.2814	114.6074	0.1829	107.0737	2.1019	4.0512	0.067	0.2367
CC#57_21_M1_FEMUR	IL-521	21	04/07/2013	M	B		12	650	150	16.01	676.8183	 1156.069	569.1348	 1156.069	1.490870307	0.923852475	0.2788	0.0006	0.032	0.4371	0.30706	840.5534	0.0885	90.4347	2.7907	3.321	2.3348	0.0506	0.3005	85.359	0.0132	0	4.3146	2.4007	0.0371	0.4125	30.1536	0.1214	129.2253	2.586	4.0294	0.0512	0.2433
CC#3480_14_F1_FEMUR	IL-3480	14	04/07/2013	F	A		13.1	652	150	14.87	507.3595	 1067.048	492.6749	 1067.048	1.340987375	0.934567741	0.2021	0	0.01	0.24308	0.18658	820.7095	0.0492	34.1605	2.2766	1.611	1.2011	0.0503	0.6343	30.0595	1e-04	-0.9644	3.4274	    1.434	0.0198	0.697	-10.0043	0.0718	49.8581	2.2601	2.1009	0.0504	0.4841
CC#3480_14_F2_FEMUR	IL-3480	14	04/07/2013	F	A		13.1	653	150	15.1	617.106	 1144.929	607.3177	 1144.929	1.270306394	0.823925438	0.2215	0	    0.000	0.2117	0.16979	845.0676	0.0091	1.3116	2.8764	0.9062	0.1954	0.05	1.288	-5.208	0	0	2.1846	    0.000	0.01	0	-5.7722	0.0127	1.833	2.8755	0.909	0.05	1.255
CC#2156_22_F1_FEMUR	IL-2156	22	18/07/2013	F	A		8.1	654	150	15.1	555.1111	 1154.425	607.3177	 1154.425	1.298964887	0.899410925	0.1932	0	    0.000	0.22162	0.17616	775.4731	0.0574	79.2993	2.8984	3.088	1.9786	0.0379	0.327	46.1415	0.0266	31.5835	2.9509	2.2389	0.0311	0.4485	23.3822	0.0724	100.625	2.8659	3.7953	0.0392	0.263
cc#4438_13_f1_femur	IL-4438	13	01/07/2013	F	A		10.6	655	150	14.63	648.2404	 1148.947	590.6714	 1148.947	1.305481543	0.823840441	0.2441	0	    0.000	0.26448	0.20993	863.8769	0.0782	51.2822	2.4215	2.6411	1.8405	0.0542	0.3809	57.9914	0.009	-1.3609	4.4164	2.1862	0.055	0.4394	5.4193	0.1085	73.6693	2.3133	2.8822	0.0542	0.3492
cc#4438_13_f2_femur	IL-4438	13	01/07/2013	F	A		10.6	656	150	13.98	621.6711	 1148.582	618.0391	 1148.582	1.364597218	0.885896226	0.2386	0	    0.000	0.30436	0.23541	870.084	0.0916	69.6088	2.3339	2.6997	2.1586	0.054	0.372	70.9698	0.014	0	4.2643	1.8142	0.0523	0.5542	6.2657	0.1261	100.0398	2.2251	3.4404	0.0541	0.2852
cc#4438_13_f3_femur	IL-4438	13	01/07/2013	F	A		10.6	657	150	13.4	600.5801	 1123.382	601.9571	 1123.382	1.354247752	0.884090658	0.235	0	    0.000	0.2945	0.23	850.7104	0.085	62.6807	2.2524	2.4017	2.1086	0.0511	0.4298	69.1829	0.0134	-1.0146	3.8421	1.4607	0.0545	0.6987	13.7895	0.119	91.3984	2.1473	3.3714	0.0509	0.2953
cc#4052_17_m1_femur	IL-4052	17	30/06/2013	M	A		10.7	658	150	14.58	525.7115	 1096.813	621.3307	 1096.813	1.644192101	1.149131062	0.2439	0	    0.010	0.57505	0.35976	864.9114	0.1744	115.2406	1.7712	3.3229	3.4569	0.0657	0.292	148.5583	0.0559	23.9236	3.0397	2.3786	0.0536	0.4103	51.0319	0.2443	164.3923	1.4086	4.3447	0.067	0.2061
cc#4052_17_m2_femur	IL-4052	17	30/06/2013	M	A		10.7	659	150	14.39	567.5283	 1146.938	676.348	 1146.938	1.591710707	1.095684642	0.2451	0	    0.000	0.51788	0.33516	893.4075	0.2192	151.1259	1.231	3.7001	4.2361	0.0636	0.2591	187.0234	0.0867	43.4729	2.5928	2.7556	0.0564	0.3486	77.459	0.2978	206.8732	0.7995	4.7089	0.0646	0.1894
cc#4052_17_m3_femur	IL-4052	17	30/06/2013	M	A		10.7	660	150	14.34	504.6204	 1131.051	591.706	 1131.051	1.681046392	1.213340824	0.2301	0	0.0186	0.60644	0.37674	877.0435	0.1962	125.1953	1.6465	3.7043	3.8942	0.0657	0.2581	167.8378	0.0955	35.1752	2.6547	2.8428	0.0643	0.345	85.359	0.2615	178.8912	1.3166	4.656	0.0655	0.1909
cc#4052_17_m4_femur	IL-4052	17	30/06/2013	M	A		10.7	661	150	14.49	563.0545	 1124.934	542.7077	 1124.934	1.705577865	1.167771588	0.2644	0.0003	0.0198	0.67481	0.41964	914.5681	0.4074	150.4305	-0.3333	4.5916	5.4318	0.0861	0.2015	356.4013	0.2643	72.8392	1.1123	3.429	0.0864	0.2815	242.9811	0.5001	195.4247	-0.8956	5.9365	0.0856	0.1298
cc#4052_17_f1_femur	IL-4052	17	30/06/2013	F	A		10.7	662	150	14.83	475.586	 1170.312	487.2202	 1170.312	1.528385312	1.141566208	0.1874	0	    0.000	0.38538	0.26601	863.971	0.0514	46.1036	2.6286	2.0978	1.4583	0.0451	0.4691	47.176	0.0127	7.4468	3.2379	1.5651	0.0391	0.6131	17.5513	0.0739	67.5506	2.4878	2.5804	0.0457	0.3879
cc#4052_17_f2_femur	IL-4052	17	30/06/2013	F	A		10.7	663	150	14.23	488.9163	 1152.782	499.1641	 1152.782	1.651116022	1.218205381	0.2172	0	    0.000	0.53655	0.33679	853.1556	0.0662	61.1745	2.4006	1.8242	1.7172	0.05	0.5689	61.0009	0.0064	3.2042	3.4219	1.1137	0.0373	0.9227	12.943	0.1049	98.2051	2.2986	2.9191	0.0504	0.3413
cc#4052_17_f3_femur	IL-4052	17	30/06/2013	F	A		10.7	664	150	14.52	484.9902	 1154.608	656.8803	 1154.608	1.514304181	1.117591068	0.1912	0	    0.000	0.38181	0.26685	888.4232	0.0426	24.3196	2.4185	1.262	1.0348	0.0522	0.7997	42.4737	0.0019	-1.5837	3.4205	1.3645	0.0406	0.7441	14.7299	0.0638	36.9896	2.3814	1.7472	0.0524	0.6222
cc#4052_17_f4_femur	IL-4052	17	30/06/2013	F	A		10.7	665	150	14.4	495.2162	 1154.242	608.9165	 1154.242	1.684118665	1.235722023	0.2198	0	    0.000	0.58712	0.35338	877.5137	0.0526	30.205	2.6431	2.0773	1.346	0.0507	0.4917	45.201	0.0067	1.2951	3.6558	1.5507	0.0437	0.6504	8.711	0.0839	49.4898	2.4923	2.7336	0.051	0.363
cc#3480_14_M1_FEMUR	IL-3480	14	18/07/2013	M	A		7.4	675	150	13.62	510.3725	 1017.927	624.5283	 1017.927	1.487261958	1.013822152	0.2319	0	0.0145	0.38231	0.25402	800.7717	0.1464	142.3585	1.8524	4.2269	3.7662	0.0485	0.2355	114.9836	0.0491	13.7733	3.6738	2.9761	0.0541	0.3425	39.7463	0.1876	194.6925	1.6488	5.1242	0.0478	0.1839
CC#2156_22_F1_FEMUR	IL-2156	22	18/07/2013	F	A		8.1	676	150	13.62	487.9119	 1125.208	624.5283	 1125.208	1.30313383	0.945121122	0.1737	0	    0.000	0.20772	0.16389	755.1591	0.0572	118.2116	2.7929	3.5456	2.2381	0.0319	0.2795	44.7308	0.0342	49.1047	2.854	2.7448	0.0304	0.3605	24.6048	0.0689	151.3068	2.787	4.1919	0.0322	0.2358
CC#2156_22_F2_FEMUR	IL-2156	22	18/07/2013	F	A		8.1	677	150	14.28	519.6854	 1111.147	514.3997	 1111.147	1.380423305	0.973582651	0.1963	0	    0.000	0.27711	0.21788	774.0624	0.0633	115.1224	2.9048	3.7977	2.3833	0.0344	0.2633	50.8438	0.0417	62.6808	2.9546	3.255	0.0307	0.3065	34.5738	0.0742	133.6656	2.8916	4.1576	0.0354	0.2394
CC#188_30_F1_FEMUR	IL-188	30	15/07/2013	F	A		8.571428571	678	150	14.71	678.0966	 1130.686	531.234	 1130.686	1.21702899	0.73445263	0.2393	0	    0.000	0.19202	0.16119	826.6345	0.052	33.2201	2.3871	1.9012	1.1569	0.0529	0.545	42.7558	0	1.7189	0	    0.000	0	0	7.3002	0.0758	48.4439	2.3871	1.9058	0.0529	0.5432
CC#2126_20_F1_FEMUR	IL-2126	20	15/07/2013	F	A		8.6	679	150	14.71	503.1595	 1089.782	540.2625	 1089.782	1.575627069	1.120844649	0.2251	0	0.02	0.49193	0.33043	825.788	0.0655	36.9141	2.5372	2.8794	1.7759	0.0474	0.3459	52.4426	0.0096	0	3.8678	2.2609	0.0325	0.4385	5.5134	0.0987	58.818	2.2613	3.4667	0.0482	0.2844
CC#57_21_F1_FEMUR	IL-557	21	13/07/2013	F	B		8.9	680	150	14.19	620.5755	 1129.865	445.5576	 1129.865	1.395782681	0.900097247	0.245	0	    0.000	0.31679	0.23334	803.6871	0.0554	56.8558	2.9966	2.5546	1.4111	0.0509	0.4018	43.132	0.0044	-1.8302	3.7949	2.2834	0.0246	0.45	3.5384	0.0806	84.9209	2.7325	2.7415	0.0516	0.3747
CC#57_21_F2_FEMUR	IL-557	21	13/07/2013	F	B		8.9	681	150	14.1	616.7408	 1132.421	671.4575	 1132.421	1.39652593	0.905857286	0.2478	0	0.0185	0.31835	0.23949	835.4749	0.0513	38.8677	3.3919	3.0064	1.4307	0.0453	0.3344	43.3201	0.0087	-1.0453	3.9697	2.2074	0.0349	0.4516	10.0276	0.0717	56.9991	3.2672	3.4805	0.0459	0.2865
CC#4141_19_F3_FEMUR	IL-4141	19	11/07/2013	F	A		9.1	684	150	13.74	626.0537	 1169.581	493.5213	 1169.581	1.345603393	0.883716135	0.2263	0	    0.000	0.26505	0.20577	867.1685	0.0612	39.2965	3.0067	2.7065	1.6506	0.0499	0.3623	57.3331	0.0118	1.0945	3.3008	1.9116	0.0333	0.5101	16.2347	0.0864	57.1812	2.8636	3.0755	0.051	0.3236
CC#1061_20_F1_FEMUR	IL-1061	20	05/07/2013	F	A		10	685	150	15.35	685.3095	 1193.046	607.6939	 1193.046	1.413638897	0.885198893	0.2656	1E-04	0.0186	0.35373	0.25873	950.3058	0.0977	31.1473	2.3364	2.407	1.894	0.0688	0.4166	95.7981	0.0329	0	3.5013	2.275	0.0707	0.4448	47.3641	0.1247	44.1198	2.1699	2.7014	0.0684	0.3668
CC#1912_21_M1_FEMUR	IL-1912	21	25/04/2013	M	A		10.7	570	150	13.44	640.14	 1161.064	601.863	 1161.064	1.581044044	1.022986337	0.2738	0	0.02	0.54208	0.3503	812.4334	0.1279	108.3193	1.7748	2.6063	2.9774	0.0539	0.3998	94.9517	0.0335	15.422	2.4972	1.6573	0.0516	0.6133	15.1061	0.1795	156.6124	1.6915	3.862	0.0541	0.261
CC#1912_21_M2_FEMUR	IL-1912	21	25/04/2013	M	A		10.7	571	150	13.43	673.6206	 1200.281	593.0226	 1200.281	1.517445546	0.968120392	0.2774	0	    0.000	0.47847	0.3388	849.5818	0.1365	96.4091	1.4891	2.3585	3.0316	0.0543	0.4395	108.5885	0.0349	5.977	1.9777	1.3557	0.0508	0.7418	25.6393	0.1871	138.4934	1.4605	3.6812	0.0545	0.2712
CC#1912_21_M3_FEMUR	IL-1912	21	25/04/2013	M	A		10.7	572	150	14.03	494.2119	 1048.057	656.6922	 1048.057	1.240868263	0.863840398	0.1867	0	    0.000	0.18399	0.15192	767.103	0.1306	202.5703	2.2874	4.6453	3.8883	0.0423	0.2106	101.0647	0.0634	62.4741	3.2188	3.8329	0.0374	0.2588	52.1605	0.1636	263.9313	1.9889	5.203	0.0431	0.1848
CC#2680_M2_FEMUR	IL-2680	19	28/04/2013	M	A		10.3	573	150	14.91	556.298	 1099.095	606.7535	 1099.095	1.408323886	0.950146182	0.2245	0	    0.000	0.32615	0.25127	783.7492	0.0833	108.5448	2.51	3.3595	2.5039	0.0411	0.3012	63.6342	0.0105	1.1579	3.8219	2.3228	0.029	0.4335	6.736	0.1151	154.8598	2.3252	4.1983	0.0416	0.236
CC#2680_M3_FEMUR	IL-2680	19	28/04/2013	M	A		10.3	574	150	14.95	485.7206	 1070.061	538.6637	 1070.061	1.298185397	0.921174917	0.1823	0	    0.000	0.22189	0.17439	769.8303	0.0175	20.5793	3.2076	1.8395	0.5803	0.0369	0.5191	-1.0699	0.002	-4.6612	3.5731	1.6734	0.0219	0.5977	-5.302	0.0236	28.6543	3.0631	1.9184	0.0374	0.4815
CC#211_M1_FEMUR	IL-711	30	30/04/2013	M	B		10	575	150	15.47	653.6273	 1093.800	551.1719	 1093.800	1.425942714	0.86784756	0.2774	0	    0.000	0.36659	0.26476	831.2427	0.1275	93.9514	1.4197	2.1416	2.7551	0.0563	0.5078	104.0742	0.0037	-1.0385	5.0974	1.1777	0.0407	0.8719	3.2562	0.1901	141.4946	1.3225	3.656	0.0565	0.2802
CC#4141_19_M1_FEMUR	IL-4141	19	04/07/2013	M	A		10.1	641	150	13.71	627.9711	 1170.860	608.6344	 1170.860	1.445105292	0.954838158	0.2414	0	    0.000	0.35647	0.26411	844.8796	0.172	199.2892	1.9196	4.2339	4.173	0.0527	0.2277	148.1821	0.0773	82.0893	2.8433	3.4699	0.0448	0.285	76.8948	0.2204	248.7333	1.5734	4.8112	0.054	0.1942
CC#211_31_F1_FEMUR	IL-711	31	04/07/2013	F	B		11.1	642	150	13.71	728.0394	 1181.542	608.6344	 1181.542	1.324373009	0.786197729	0.2659	0	    0.000	0.27125	0.20727	906.9503	0.1306	88.878	2.0412	3.111	2.6216	0.0649	0.3286	126.3633	0.012	-2.7637	4.5133	2.3084	0.0566	0.4394	29.025	0.1899	133.3889	1.8182	3.6163	0.0652	0.2743
CC#211_F1_FEMUR	IL-711	30	07/03/2013	F	B		10.3	454	150	14.66	563.1158	 1144.794	584.8406	 1144.794	1.394509575	0.959719483	0.2109	0	    0.000	0.29346	0.21231	-	0.1118	79.9398	2.5894	3.2768	2.6447	0.0533	0.3068	NA	0.1118	79.9398	2.5894	3.2768	0.0533	0.3068	NA	0.1118	79.9398	2.5894	3.2768	0.0533	0.3068
CC#2680_19_F1_FEMUR	IL-2680	19	12/03/2013	F	A		9.6	455	150	13.79	567.8182	 1138.211	591.0477	 1138.211	1.312145359	0.893139019	0.202	0	    0.000	0.24452	0.19263	-	0.0531	43.8273	3.111	3.2427	1.7545	0.0377	0.3064	NA	0.0531	43.8273	3.111	3.2427	0.0377	0.3064	NA	0.0531	43.8273	3.111	3.2427	0.0377	0.3064
CC#2680_19_F2_FEMUR	IL-2680	19	12/03/2013	F	A		9.6	456	150	14.33	551.7361	 1188.526	659.9838	 1188.526	1.373502131	0.967883633	0.1963	0	    0.000	0.27458	0.20476	802.5585	0.0487	46.9229	3.0693	2.693	1.5769	0.0405	0.3666	32.5988	0.0134	9.6972	3.1751	1.7964	0.0312	0.5384	7.5824	0.0651	68.6392	2.9711	3.4121	0.0415	0.2924
CC#2680_19_M1_FEMUR	IL-2680	19	12/03/2013	M	A		9.6	457	150	14.38	625.0925	 1203.009	609.1987	 1203.009	1.205719473	0.798594362	0.199	0	    0.000	0.17307	0.15108	778.2945	0.0555	78.9733	2.9191	2.9922	1.8397	0.0393	0.3342	41.063	0.0242	17.4033	3.0044	2.3373	0.036	0.4305	20.0906	0.0687	103.8162	2.8879	3.5481	0.0398	0.2812
CC#188_29_F1_FEMUR	IL-188	29	11/03/2013	F	A		9.7	458	150	15.67	678.8872	 1200.469	547.7862	 1200.469	1.329463403	0.842665826	0.2422	0	    0.000	0.26124	0.19917	-	0.1064	83.3347	2.0109	2.1016	2.4034	0.0533	0.5004	NA	0.1064	83.3347	2.0109	2.1016	0.0533	0.5004	NA	0.1064	83.3347	2.0109	2.1016	0.0533	0.5004
CC#1156_M1_FEMUR	IL-1156	13	11/03/2013	M	A		9.7	459	150	14.95	673.9028	 1127.771	513.9294	 1127.771	1.358865575	0.821286419	0.2436	0.0008	0.0414	0.29929	0.24315	801.0538	0.157	140.2399	1.7139	3.663	3.3755	0.0554	0.2832	128.9025	0.0072	-4.0193	3.7966	2.4254	0.0277	0.4142	12.0026	0.2163	195.7753	1.4763	4.5395	0.0558	0.2224
CC#1156_M2_FEMUR	IL-1156	13	11/03/2013	M	A		9.7	460	150	14.95	643.4316	 1161.346	513.9294	 1161.346	1.434644366	0.921458222	0.2522	0.0003	0.035	0.35735	0.26287	813.0917	0.16	136.0583	1.3801	3.163	3.3037	0.0573	0.3324	126.5514	0.0176	6.78	4.208	2.0413	0.0444	0.4872	14.7299	0.2358	204.3851	1.1087	4.4733	0.0578	0.2267
CC#2438_F1_FEMUR	IL-2438	11	11/03/2013	F	A		9.7	462	150	15.35	558.6956	 1107.081	520.5985	 1107.081	1.304305774	0.881407874	0.2063	0	    0.010	0.23414	0.18697	822.2143	0.2328	186.5265	1.4474	4.7425	4.9249	0.0578	0.1985	189.4686	0.1436	113.4471	2.2731	4.0877	0.0533	0.2353	120.3443	0.2752	216.9481	1.1282	5.158	0.0588	0.1797
